*---------------------------------------------------------*
*   Country: China
*   Station: Shenzhou
*      Year: 2008
*    Source: ITP, CAS.
*    Author: Ma Hongyuan
* Longitude: 115 55 E
* Latitude: 38 00 N
* Elevation: 57 m.
*  Comments: Location Haarweg.
*
*  Columns:
*  ========
*  station number
*  year
*  day
*  irradiation (kJ m-2 d-1)
*  minimum temperature (degrees Celsius)
*  maximum temperature (degrees Celsius)
*  vapour pressure (kPa)
*  mean wind speed (m s-1)
*  precipitation (mm d-1)
** WCCDESCRIPTION=Shenzhou, Hebei, China
** WCCFORMAT=2
** WCCYEARNR=2008
*---------------------------------------------------------*
115.55	38.00     57.  -0.18 -0.55	
1	2008	1	8791.	-5.3 	4.0 	0.144 	2.6 	0.0 
1	2008	2	9094.	-6.8 	6.9 	0.204 	1.7 	0.0 
1	2008	3	9202.	-6.6 	7.0 	0.197 	1.4 	0.0 
1	2008	4	8575.	-5.0 	5.3 	0.213 	1.3 	0.0 
1	2008	5	8770.	-6.2 	7.2 	0.301 	1.4 	0.0 
1	2008	6	2333.	-4.3 	6.5 	0.325 	2.0 	0.0 
1	2008	7	7668.	-3.4 	6.6 	0.396 	1.3 	0.0 
1	2008	8	1836.	-3.1 	5.6 	0.341 	2.7 	0.0 
1	2008	9	8705.	-7.4 	2.4 	0.308 	2.4 	0.0 
1	2008	10	6264.	-6.9 	0.9 	0.368 	1.3 	0.2 
1	2008	11	8489.	-4.3 	3.0 	0.285 	1.9 	0.1 
1	2008	12	8510.	-6.7 	-0.6 	0.162 	2.3 	0.2 
1	2008	13	8251.	-8.4 	-2.0 	0.196 	1.1 	0.0 
1	2008	14	8273.	-9.8 	-1.8 	0.230 	1.6 	0.0 
1	2008	15	4817.	-10.4 	-2.1 	0.247 	1.0 	0.0 
1	2008	16	7819.	-11.0 	-1.0 	0.171 	2.0 	0.1 
1	2008	17	2549.	-6.3 	-4.0 	0.342 	1.2 	0.2 
1	2008	18	2549.	-6.2 	-3.6 	0.336 	1.1 	0.0 
1	2008	19	2570.	-6.6 	-2.3 	0.346 	1.9 	0.0 
1	2008	20	4342.	-8.7 	-0.9 	0.249 	1.7 	0.0 
1	2008	21	8467.	-10.2 	-1.8 	0.257 	1.0 	0.0 
1	2008	22	2678.	-8.8 	-2.4 	0.293 	1.3 	0.0 
1	2008	23	10778.	-12.2 	-3.0 	0.141 	1.7 	0.0 
1	2008	24	9871.	-12.4 	-1.4 	0.153 	1.4 	0.0 
1	2008	25	6048.	-10.2 	-1.0 	0.160 	0.8 	0.2 
1	2008	26	9785.	-8.4 	2.0 	0.194 	1.7 	0.0 
1	2008	27	10368.	-6.1 	3.0 	0.272 	1.6 	0.0 
1	2008	28	7733.	-6.1 	2.4 	0.255 	1.6 	0.0 
1	2008	29	10325.	-11.3 	0.5 	0.134 	1.6 	0.0 
1	2008	30	10843.	-12.1 	1.0 	0.144 	1.0 	0.0 
1	2008	31	11599.	-11.5 	2.2 	0.174 	1.1 	0.0 
1	2008	32	9958.	-9.9 	3.4 	0.196 	1.1 	0.0 
1	2008	33	9547.	-11.1 	3.3 	0.208 	0.9 	0.0 
1	2008	34	10174.	-10.9 	2.7 	0.164 	1.3 	0.0 
1	2008	35	10951.	-8.2 	3.5 	0.196 	1.6 	0.0 
1	2008	36	10411.	-9.7 	1.8 	0.243 	1.6 	0.0 
1	2008	37	10606.	-10.7 	2.3 	0.162 	1.2 	0.0 
1	2008	38	10584.	-7.9 	2.6 	0.148 	2.1 	0.0 
1	2008	39	11988.	-7.0 	1.4 	0.114 	2.1 	0.0 
1	2008	40	11124.	-8.4 	2.8 	0.139 	1.9 	0.0 
1	2008	41	11815.	-8.4 	6.3 	0.153 	1.9 	0.0 
1	2008	42	12938.	-9.7 	3.8 	0.064 	2.4 	0.0 
1	2008	43	13586.	-8.8 	1.7 	0.073 	2.2 	0.0 
1	2008	44	12636.	-7.1 	6.0 	0.106 	2.8 	0.0 
1	2008	45	12139.	-5.7 	7.6 	0.140 	2.0 	0.0 
1	2008	46	12852.	-7.2 	5.8 	0.203 	1.9 	0.0 
1	2008	47	12118.	-5.9 	6.4 	0.177 	1.9 	0.1 
1	2008	48	12636.	-4.9 	7.6 	0.175 	1.3 	0.0 
1	2008	49	10584.	-2.3 	6.1 	0.289 	1.8 	0.0 
1	2008	50	13241.	-3.0 	12.1 	0.295 	1.6 	0.0 
1	2008	51	12420.	-1.0 	12.8 	0.313 	2.1 	0.0 
1	2008	52	12636.	-0.2 	16.7 	0.334 	3.1 	0.0 
1	2008	53	12571.	-2.3 	7.2 	0.369 	3.9 	0.0 
1	2008	54	13630.	-4.7 	3.2 	0.160 	3.6 	0.0 
1	2008	55	7560.	-4.1 	0.0 	0.335 	1.6 	0.0 
1	2008	56	10346.	-2.5 	0.3 	0.395 	2.4 	0.4 
1	2008	57	15919.	-0.7 	9.4 	0.209 	3.2 	0.0 
1	2008	58	9072.	1.9 	15.0 	0.214 	2.8 	0.0 
1	2008	59	13262.	3.2 	16.5 	0.174 	3.9 	0.0 
1	2008	60	9180.	4.0 	13.7 	0.204 	2.5 	0.2 
1	2008	61	5659.	4.3 	14.7 	0.278 	4.5 	0.0 
1	2008	62	15314.	0.7 	11.6 	0.265 	3.7 	0.0 
1	2008	63	17518.	-0.6 	12.3 	0.209 	1.6 	0.0 
1	2008	64	17582.	1.8 	15.8 	0.248 	1.3 	0.0 
1	2008	65	17194.	1.9 	17.6 	0.325 	3.1 	0.0 
1	2008	66	18014.	2.0 	13.0 	0.239 	2.4 	0.0 
1	2008	67	18209.	3.5 	14.6 	0.289 	3.0 	0.0 
1	2008	68	12614.	4.3 	14.3 	0.423 	3.0 	0.0 
1	2008	69	12895.	4.5 	16.1 	0.672 	2.4 	0.0 
1	2008	70	17777.	6.6 	23.4 	0.488 	2.6 	0.0 
1	2008	71	16848.	3.1 	14.4 	0.695 	2.8 	0.0 
1	2008	72	4622.	3.1 	7.7 	0.708 	1.5 	1.4 
1	2008	73	16740.	2.5 	13.6 	0.271 	3.0 	0.0 
1	2008	74	15314.	3.6 	15.0 	0.658 	2.9 	0.0 
1	2008	75	19310.	4.8 	18.3 	0.343 	2.1 	0.0 
1	2008	76	17604.	7.3 	18.5 	0.342 	3.1 	0.0 
1	2008	77	18187.	7.6 	19.5 	0.763 	2.5 	0.0 
1	2008	78	9158.	0.6 	13.3 	0.677 	3.3 	0.7 
1	2008	79	19526.	2.3 	10.9 	0.333 	1.9 	0.0 
1	2008	80	6588.	3.9 	12.5 	0.346 	1.7 	0.9 
1	2008	81	14148.	5.2 	14.9 	0.719 	1.2 	0.5 
1	2008	82	15530.	5.5 	18.0 	0.800 	2.8 	4.4 
1	2008	83	20779.	6.0 	19.5 	0.372 	3.9 	0.4 
1	2008	84	21622.	4.0 	14.7 	0.232 	2.9 	0.4 
1	2008	85	21341.	6.9 	15.5 	0.266 	2.8 	0.0 
1	2008	86	21816.	5.9 	17.5 	0.299 	1.7 	0.0 
1	2008	87	21406.	5.6 	14.8 	0.381 	3.0 	0.0 
1	2008	88	5486.	5.0 	9.6 	0.680 	1.7 	2.8 
1	2008	89	5227.	4.1 	9.7 	0.767 	1.1 	0.0 
1	2008	90	20952.	4.8 	15.2 	0.556 	1.6 	0.0 
1	2008	91	19937.	7.3 	16.7 	0.548 	2.1 	0.1 
1	2008	92	15962.	8.5 	18.0 	0.569 	4.0 	0.0 
1	2008	93	21406.	4.2 	18.7 	0.344 	3.3 	0.0 
1	2008	94	22831.	7.7 	19.7 	0.431 	2.4 	0.0 
1	2008	95	21967.	10.1 	23.2 	0.695 	2.1 	0.2 
1	2008	96	17993.	11.4 	21.8 	0.872 	3.3 	0.0 
1	2008	97	18446.	11.4 	23.1 	1.080 	2.5 	0.0 
1	2008	98	20498.	12.4 	26.4 	1.113 	2.6 	0.0 
1	2008	99	8359.	10.5 	20.8 	1.064 	3.1 	3.8 
1	2008	100	17518.	9.6 	19.3 	1.070 	1.8 	0.0 
1	2008	101	16891.	7.9 	19.2 	0.978 	3.5 	0.0 
1	2008	102	5897.	6.3 	11.8 	0.842 	2.5 	0.0 
1	2008	103	16006.	6.7 	13.7 	0.797 	1.8 	0.2 
1	2008	104	22550.	9.6 	24.3 	1.041 	2.7 	0.0 
1	2008	105	20650.	11.2 	23.1 	1.189 	3.1 	0.0 
1	2008	106	21989.	12.1 	24.8 	1.146 	2.6 	0.0 
1	2008	107	22594.	12.7 	26.4 	1.114 	2.3 	0.0 
1	2008	108	23090.	13.4 	28.0 	0.972 	2.3 	0.0 
1	2008	109	18965.	16.6 	22.9 	1.109 	2.2 	0.0 
1	2008	110	15617.	14.7 	23.9 	1.094 	2.0 	0.0 
1	2008	111	6134.	10.8 	12.8 	1.255 	3.2 	0.0 
1	2008	112	6070.	10.3 	12.4 	1.211 	2.6 	5.0 
1	2008	113	19742.	5.6 	18.4 	0.715 	3.4 	0.0 
1	2008	114	25380.	9.4 	18.4 	0.523 	3.3 	0.0 
1	2008	115	23458.	12.9 	22.2 	0.737 	3.0 	0.0 
1	2008	116	24926.	7.4 	20.3 	0.464 	4.9 	0.0 
1	2008	117	24084.	11.0 	21.7 	0.701 	3.3 	0.0 
1	2008	118	24343.	9.5 	19.2 	0.639 	2.6 	0.0 
1	2008	119	25056.	14.4 	27.3 	1.184 	4.7 	0.0 
1	2008	120	24624.	18.2 	30.2 	1.276 	4.6 	0.0 
1	2008	121	23047.	17.0 	29.3 	1.430 	2.2 	0.0 
1	2008	122	20866.	21.3 	29.6 	2.020 	2.5 	0.0 
1	2008	123	12290.	21.1 	29.0 	2.077 	2.6 	0.2 
1	2008	124	6199.	10.8 	27.6 	1.544 	3.4 	7.7 
1	2008	125	25553.	13.3 	23.7 	1.054 	2.0 	0.0 
1	2008	126	25315.	17.9 	25.9 	1.479 	3.2 	0.0 
1	2008	127	25121.	19.3 	27.9 	1.730 	2.1 	0.0 
1	2008	128	10476.	14.7 	22.5 	1.279 	2.5 	0.2 
1	2008	129	22788.	12.3 	24.5 	0.813 	2.9 	0.0 
1	2008	130	7409.	9.4 	21.1 	1.177 	3.2 	8.0 
1	2008	131	25682.	10.2 	21.3 	0.986 	2.4 	20.3 
1	2008	132	18230.	8.5 	15.0 	1.029 	3.1 	0.4 
1	2008	133	19678.	7.8 	17.0 	1.019 	2.0 	0.0 
1	2008	134	26352.	12.4 	21.3 	1.034 	1.8 	0.0 
1	2008	135	24581.	13.0 	24.8 	1.247 	3.0 	0.0 
1	2008	136	21060.	16.1 	23.6 	1.470 	1.7 	7.7 
1	2008	137	13154.	14.5 	23.8 	1.594 	1.1 	0.7 
1	2008	138	14753.	12.2 	23.4 	1.527 	2.7 	16.0 
1	2008	139	25639.	14.8 	26.7 	1.077 	2.4 	1.3 
1	2008	140	24516.	18.0 	28.6 	1.039 	2.9 	0.0 
1	2008	141	26093.	17.5 	32.2 	1.287 	2.8 	0.0 
1	2008	142	27043.	18.5 	32.0 	0.930 	3.6 	0.0 
1	2008	143	24862.	21.9 	32.9 	1.634 	1.9 	0.0 
1	2008	144	24365.	21.9 	34.8 	1.836 	1.9 	0.0 
1	2008	145	21514.	18.9 	31.3 	2.112 	1.7 	0.1 
1	2008	146	24667.	21.4 	32.1 	2.023 	2.3 	0.0 
1	2008	147	22507.	23.5 	33.2 	2.176 	3.8 	0.0 
1	2008	148	20239.	16.1 	29.4 	1.060 	2.2 	0.0 
1	2008	149	28361.	20.5 	30.8 	0.814 	3.0 	0.0 
1	2008	150	24602.	15.0 	26.0 	0.504 	3.2 	0.0 
1	2008	151	29700.	16.8 	27.2 	0.538 	3.2 	0.0 
1	2008	152	28663.	18.7 	34.3 	0.849 	3.9 	0.0 
1	2008	153	25445.	13.8 	27.5 	1.099 	3.3 	10.9 
1	2008	154	26568.	17.0 	25.7 	1.258 	2.2 	1.3 
1	2008	155	7560.	13.4 	17.0 	1.460 	2.4 	10.0 
1	2008	156	24970.	15.4 	25.1 	1.498 	1.6 	0.3 
1	2008	157	21643.	16.3 	27.6 	1.580 	2.5 	0.0 
1	2008	158	12550.	16.6 	21.1 	1.746 	1.7 	0.0 
1	2008	159	26784.	18.8 	33.0 	1.933 	2.7 	0.0 
1	2008	160	24257.	17.5 	28.4 	2.129 	2.5 	0.0 
1	2008	161	21578.	17.9 	30.9 	1.863 	1.5 	0.2 
1	2008	162	23090.	16.9 	28.5 	1.863 	2.9 	0.1 
1	2008	163	26460.	19.7 	30.4 	1.490 	1.8 	0.0 
1	2008	164	25855.	23.1 	32.1 	1.819 	1.8 	0.0 
1	2008	165	7171.	21.2 	32.5 	2.106 	2.4 	8.7 
1	2008	166	7193.	18.2 	24.2 	2.113 	2.9 	0.0 
1	2008	167	23458.	18.1 	27.4 	1.783 	2.1 	0.0 
1	2008	168	6890.	17.6 	22.1 	1.908 	1.9 	0.0 
1	2008	169	15768.	16.8 	24.3 	1.726 	1.5 	0.0 
1	2008	170	22464.	18.0 	28.3 	1.858 	2.3 	0.0 
1	2008	171	19548.	21.4 	28.5 	2.091 	2.2 	0.0 
1	2008	172	22831.	22.6 	31.4 	2.421 	1.9 	24.1 
1	2008	173	22442.	24.0 	34.1 	2.523 	1.4 	2.9 
1	2008	174	25142.	25.1 	36.5 	2.167 	2.3 	0.0 
1	2008	175	24797.	19.0 	32.0 	1.837 	3.4 	0.0 
1	2008	176	20844.	21.5 	28.3 	2.330 	2.6 	0.0 
1	2008	177	8035.	20.6 	28.6 	2.399 	2.6 	6.4 
1	2008	178	24494.	21.2 	30.8 	2.252 	2.0 	23.8 
1	2008	179	17950.	19.6 	28.6 	2.244 	2.1 	24.2 
1	2008	180	13219.	21.4 	29.0 	2.316 	2.1 	10.0 
1	2008	181	7430.	22.5 	25.0 	2.427 	2.2 	6.8 
1	2008	182	22097.	23.4 	29.3 	2.463 	1.9 	1.1 
1	2008	183	16632.	21.4 	28.9 	2.415 	1.4 	13.3 
1	2008	184	19764.	22.5 	30.1 	2.479 	1.7 	1.4 
1	2008	185	22615.	26.1 	33.4 	2.988 	1.3 	0.0 
1	2008	186	23566.	23.9 	34.7 	2.993 	2.5 	12.2 
1	2008	187	11642.	21.5 	27.0 	2.399 	2.3 	3.2 
1	2008	188	26114.	23.5 	32.6 	2.487 	1.3 	0.0 
1	2008	189	18382.	24.1 	31.1 	2.660 	2.0 	0.0 
1	2008	190	13198.	21.5 	25.7 	2.350 	1.6 	0.0 
1	2008	191	22853.	23.0 	28.8 	2.546 	1.1 	0.0 
1	2008	192	21967.	25.2 	32.1 	2.873 	1.3 	0.6 
1	2008	193	21017.	22.9 	32.1 	2.750 	1.5 	17.3 
1	2008	194	24170.	20.6 	32.6 	2.375 	1.2 	2.0 
1	2008	195	25121.	23.2 	32.4 	2.353 	1.8 	0.2 
1	2008	196	7063.	18.8 	27.7 	2.530 	2.5 	37.8 
1	2008	197	15444.	19.6 	25.5 	2.302 	1.6 	0.4 
1	2008	198	21730.	21.2 	30.8 	2.828 	1.3 	0.0 
1	2008	199	11340.	21.5 	28.2 	2.593 	1.9 	0.6 
1	2008	200	8726.	21.7 	26.2 	2.365 	1.7 	0.4 
1	2008	201	18468.	20.7 	27.3 	2.297 	2.0 	0.0 
1	2008	202	22399.	21.9 	29.0 	2.277 	1.7 	0.0 
1	2008	203	23652.	21.8 	31.5 	2.339 	1.8 	0.0 
1	2008	204	21362.	22.9 	31.4 	2.528 	1.5 	0.2 
1	2008	205	21600.	21.0 	30.7 	2.433 	1.4 	0.0 
1	2008	206	25747.	21.9 	31.3 	2.516 	1.4 	0.0 
1	2008	207	23630.	23.3 	31.9 	2.635 	1.2 	0.0 
1	2008	208	22594.	23.0 	32.5 	2.663 	1.1 	0.0 
1	2008	209	22010.	23.5 	32.7 	2.711 	1.3 	0.0 
1	2008	210	19073.	25.9 	32.4 	3.038 	1.6 	0.0 
1	2008	211	10584.	23.4 	31.1 	2.878 	1.7 	0.0 
1	2008	212	15984.	24.4 	30.1 	2.857 	2.5 	17.6 
1	2008	213	10757.	24.2 	28.2 	2.991 	1.7 	12.9 
1	2008	214	14299.	21.2 	29.0 	2.703 	1.2 	0.8 
1	2008	215	25186.	23.1 	32.4 	2.515 	1.4 	0.0 
1	2008	216	25164.	23.2 	32.4 	2.569 	2.6 	0.0 
1	2008	217	25639.	21.1 	31.8 	2.282 	2.7 	0.1 
1	2008	218	24710.	24.3 	32.0 	2.670 	1.6 	0.2 
1	2008	219	20434.	23.8 	29.9 	2.668 	1.4 	0.0 
1	2008	220	20110.	24.5 	32.7 	2.955 	1.2 	0.0 
1	2008	221	23501.	24.8 	33.3 	3.083 	2.1 	0.8 
1	2008	222	23004.	24.7 	32.7 	2.869 	2.2 	0.4 
1	2008	223	21751.	23.1 	30.8 	2.679 	2.1 	0.0 
1	2008	224	5119.	23.1 	27.6 	2.840 	1.2 	0.0 
1	2008	225	6134.	23.4 	29.1 	2.804 	1.6 	0.0 
1	2008	226	5767.	22.1 	26.3 	2.670 	1.4 	28.7 
1	2008	227	5962.	20.2 	23.1 	2.354 	2.1 	4.3 
1	2008	228	21276.	18.4 	28.0 	2.105 	2.0 	0.1 
1	2008	229	21838.	20.8 	27.5 	2.131 	1.2 	0.1 
1	2008	230	21146.	19.4 	28.0 	2.139 	1.6 	0.2 
1	2008	231	19829.	20.6 	27.6 	2.401 	1.3 	0.0 
1	2008	232	19807.	21.9 	30.2 	2.559 	1.3 	0.0 
1	2008	233	20369.	22.5 	30.2 	2.494 	1.7 	0.0 
1	2008	234	10476.	17.5 	21.8 	2.115 	2.0 	12.1 
1	2008	235	23112.	19.3 	32.2 	2.033 	1.8 	0.0 
1	2008	236	22356.	23.3 	33.1 	2.339 	1.8 	0.2 
1	2008	237	22313.	20.2 	30.9 	2.421 	2.6 	3.1 
1	2008	238	19354.	21.1 	29.9 	2.209 	1.5 	0.0 
1	2008	239	16524.	19.8 	26.5 	2.280 	1.9 	18.5 
1	2008	240	16330.	21.8 	28.1 	2.601 	1.4 	4.5 
1	2008	241	18792.	22.4 	30.1 	2.687 	1.3 	0.1 
1	2008	242	13781.	21.5 	30.2 	2.459 	1.2 	0.5 
1	2008	243	5357.	19.4 	23.1 	2.296 	1.2 	1.4 
1	2008	244	21060.	16.4 	26.5 	1.621 	2.1 	0.0 
1	2008	245	22248.	16.1 	29.6 	1.525 	1.5 	0.0 
1	2008	246	20801.	19.4 	30.9 	1.868 	1.3 	0.7 
1	2008	247	20045.	20.3 	29.5 	1.945 	2.6 	0.0 
1	2008	248	19721.	17.6 	29.4 	2.019 	2.3 	4.9 
1	2008	249	20261.	19.1 	30.1 	2.148 	1.5 	0.3 
1	2008	250	17842.	21.4 	29.7 	2.366 	1.5 	1.4 
1	2008	251	12636.	20.4 	26.9 	2.284 	1.9 	1.6 
1	2008	252	14450.	21.0 	27.8 	2.300 	1.1 	0.0 
1	2008	253	4882.	17.8 	22.3 	2.180 	1.7 	0.0 
1	2008	254	17561.	15.8 	24.4 	1.857 	1.6 	0.0 
1	2008	255	19958.	16.6 	29.7 	1.728 	1.4 	0.0 
1	2008	256	20455.	16.3 	31.0 	1.783 	1.6 	0.0 
1	2008	257	19786.	17.4 	30.2 	1.908 	0.9 	0.0 
1	2008	258	18986.	17.4 	29.7 	1.899 	1.8 	0.0 
1	2008	259	18986.	17.7 	29.5 	1.998 	1.3 	0.0 
1	2008	260	18814.	20.1 	30.7 	2.031 	1.5 	0.3 
1	2008	261	18490.	19.9 	29.8 	2.141 	2.0 	0.0 
1	2008	262	15055.	21.1 	28.0 	2.419 	1.3 	0.0 
1	2008	263	4903.	15.6 	23.9 	1.938 	1.0 	0.5 
1	2008	264	17453.	17.0 	27.8 	1.921 	0.7 	0.0 
1	2008	265	10001.	19.5 	25.8 	2.251 	1.0 	0.0 
1	2008	266	14645.	17.9 	27.6 	1.752 	3.2 	0.0 
1	2008	267	4882.	12.7 	17.7 	1.041 	2.4 	0.0 
1	2008	268	4774.	10.8 	12.6 	1.207 	1.5 	15.1 
1	2008	269	10670.	12.3 	20.9 	1.293 	1.5 	3.1 
1	2008	270	17626.	11.5 	18.1 	0.853 	1.5 	1.2 
1	2008	271	6804.	11.3 	16.0 	1.189 	2.2 	2.0 
1	2008	272	4298.	10.9 	14.4 	1.251 	1.4 	0.0 
1	2008	273	14926.	11.0 	19.3 	1.322 	1.6 	0.0 
1	2008	274	14904.	11.5 	24.0 	1.549 	0.6 	0.0 
1	2008	275	17172.	12.0 	26.7 	1.433 	1.2 	0.0 
1	2008	276	17258.	13.5 	28.6 	1.333 	1.9 	0.0 
1	2008	277	14926.	14.4 	25.3 	1.535 	2.1 	0.0 
1	2008	278	4298.	12.1 	17.5 	1.390 	2.4 	4.6 
1	2008	279	3953.	9.0 	10.8 	1.154 	2.3 	2.4 
1	2008	280	4666.	8.0 	18.0 	0.985 	1.2 	0.0 
1	2008	281	14450.	10.6 	20.5 	1.105 	1.8 	0.5 
1	2008	282	15163.	10.4 	22.3 	1.208 	1.2 	0.0 
1	2008	283	13954.	11.2 	21.1 	1.422 	1.4 	0.0 
1	2008	284	15012.	7.8 	22.5 	0.924 	1.0 	0.0 
1	2008	285	15185.	6.6 	21.0 	0.970 	0.7 	0.0 
1	2008	286	15163.	10.4 	24.2 	1.081 	1.5 	0.0 
1	2008	287	14191.	11.1 	25.0 	1.236 	1.3 	0.0 
1	2008	288	13673.	12.1 	27.1 	1.424 	1.3 	0.0 
1	2008	289	14148.	14.2 	26.9 	1.269 	1.3 	0.0 
1	2008	290	14494.	12.1 	26.8 	1.360 	0.9 	0.0 
1	2008	291	14083.	11.8 	26.2 	1.203 	1.6 	0.1 
1	2008	292	7430.	10.0 	18.7 	1.329 	1.4 	0.0 
1	2008	293	12895.	11.5 	25.2 	1.203 	0.9 	0.0 
1	2008	294	2873.	13.3 	23.3 	1.590 	1.1 	4.4 
1	2008	295	3305.	15.6 	17.4 	1.741 	1.1 	6.2 
1	2008	296	3024.	10.0 	18.9 	1.488 	2.3 	2.7 
1	2008	297	14191.	2.6 	16.2 	0.592 	2.4 	0.1 
1	2008	298	13802.	6.1 	17.3 	0.546 	2.8 	0.0 
1	2008	299	13716.	5.0 	21.6 	0.537 	1.9 	0.0 
1	2008	300	13694.	4.4 	20.0 	0.498 	2.0 	0.0 
1	2008	301	13522.	4.9 	18.9 	0.603 	1.2 	0.0 
1	2008	302	7862.	6.4 	15.8 	0.856 	1.0 	0.0 
1	2008	303	3024.	3.9 	12.9 	0.819 	2.0 	0.0 
1	2008	304	12096.	3.9 	14.9 	0.840 	1.1 	0.0 
1	2008	305	12636.	4.8 	18.7 	0.563 	1.5 	0.0 
1	2008	306	12398.	4.4 	22.3 	0.543 	2.1 	0.0 
1	2008	307	12161.	5.5 	19.5 	0.728 	1.7 	0.0 
1	2008	308	12226.	3.4 	17.8 	0.526 	1.6 	0.0 
1	2008	309	11405.	3.7 	18.9 	0.814 	1.3 	0.0 
1	2008	310	11772.	4.8 	21.4 	0.666 	1.6 	0.0 
1	2008	311	11837.	7.1 	22.5 	0.638 	1.5 	0.0 
1	2008	312	10778.	2.0 	14.6 	0.700 	2.3 	0.0 
1	2008	313	4061.	-0.2 	9.4 	0.625 	1.3 	0.1 
1	2008	314	11059.	-0.7 	12.3 	0.594 	1.0 	0.0 
1	2008	315	11059.	1.2 	13.4 	0.527 	1.4 	0.0 
1	2008	316	10066.	2.0 	13.1 	0.610 	2.0 	0.0 
1	2008	317	7366.	4.1 	12.9 	0.756 	1.2 	0.0 
1	2008	318	6394.	2.3 	14.7 	0.735 	1.2 	0.0 
1	2008	319	5227.	3.3 	11.5 	0.679 	0.9 	0.0 
1	2008	320	9396.	-0.9 	13.2 	0.568 	1.1 	0.0 
1	2008	321	10174.	-0.3 	12.1 	0.458 	2.0 	0.0 
1	2008	322	10692.	-1.6 	8.6 	0.267 	1.6 	0.0 
1	2008	323	10584.	-3.4 	8.3 	0.217 	2.0 	0.0 
1	2008	324	10454.	-3.1 	8.3 	0.238 	2.3 	0.0 
1	2008	325	10282.	-0.5 	15.5 	0.322 	2.0 	0.0 
1	2008	326	10109.	0.8 	12.5 	0.385 	1.6 	0.0 
1	2008	327	9396.	-1.8 	12.5 	0.437 	1.1 	0.0 
1	2008	328	2506.	0.6 	6.6 	0.566 	1.9 	0.0 
1	2008	329	9158.	-0.9 	10.0 	0.534 	1.5 	0.0 
1	2008	330	9612.	-0.3 	11.1 	0.365 	1.8 	0.0 
1	2008	331	7927.	-2.5 	10.9 	0.285 	3.4 	0.0 
1	2008	332	9806.	-3.8 	7.7 	0.209 	2.3 	0.0 
1	2008	333	9439.	-0.4 	14.2 	0.324 	2.8 	0.0 
1	2008	334	9374.	1.0 	14.1 	0.345 	2.3 	0.0 
1	2008	335	9180.	0.1 	14.6 	0.421 	2.4 	0.0 
1	2008	336	8813.	1.0 	14.7 	0.357 	2.6 	0.0 
1	2008	337	8705.	1.4 	13.5 	0.440 	1.5 	0.0 
1	2008	338	7344.	1.3 	9.3 	0.443 	2.0 	0.0 
1	2008	339	9050.	-9.9 	2.9 	0.114 	4.7 	0.0 
1	2008	340	9137.	-9.7 	-0.6 	0.114 	2.1 	0.0 
1	2008	341	9007.	-8.0 	5.0 	0.156 	2.8 	0.1 
1	2008	342	8770.	-3.2 	9.2 	0.220 	1.9 	0.1 
1	2008	343	8554.	-0.5 	10.9 	0.294 	1.6 	0.0 
1	2008	344	8294.	-1.6 	9.4 	0.409 	2.2 	0.0 
1	2008	345	3780.	-4.6 	2.0 	0.397 	2.6 	0.0 
1	2008	346	6329.	-5.2 	3.1 	0.454 	2.2 	0.0 
1	2008	347	2074.	-3.6 	2.0 	0.455 	2.1 	0.0 
1	2008	348	8338.	-4.1 	3.9 	0.365 	1.5 	0.0 
1	2008	349	8489.	-4.0 	7.9 	0.325 	2.0 	0.0 
1	2008	350	8554.	-2.4 	10.8 	0.380 	2.1 	0.0 
1	2008	351	8230.	-4.5 	9.1 	0.476 	1.7 	0.0 
1	2008	352	8489.	-7.7 	6.0 	0.219 	2.1 	0.0 
1	2008	353	8446.	-7.6 	5.6 	0.270 	2.1 	0.0 
1	2008	354	7949.	-2.8 	6.2 	0.280 	2.2 	0.0 
1	2008	355	3953.	-4.1 	0.9 	0.178 	2.7 	0.1 
1	2008	356	8424.	-11.6 	-7.3 	0.062 	3.9 	0.0 
1	2008	357	9266.	-10.5 	0.9 	0.086 	3.3 	0.0 
1	2008	358	8899.	-11.1 	3.8 	0.176 	1.8 	0.0 
1	2008	359	8791.	-9.4 	5.7 	0.210 	1.0 	0.0 
1	2008	360	8834.	-9.9 	3.6 	0.202 	1.4 	0.0 
1	2008	361	7754.	-5.4 	3.9 	0.196 	2.0 	0.0 
1	2008	362	8640.	-6.2 	2.6 	0.260 	1.3 	0.0 
1	2008	363	6221.	-4.8 	2.8 	0.299 	1.6 	0.0 
1	2008	364	9094.	-4.1 	4.0 	0.124 	3.8 	0.0 
1	2008	365	9094.	-10.9 	2.2 	0.156 	1.1 	0.0 
1	2008	366	9029.	-11.3 	1.0 	0.161 	1.2 	0.0 