*---------------------------------------------------------*
*   Country: China
*   Station: Shenzhou
*      Year: 2009
*    Source: ITP, CAS.
*    Author: Ma Hongyuan
* Longitude: 115 55 E
* Latitude: 38 00 N
* Elevation: 57 m.
*  Comments: Location Haarweg.
*
*  Columns:
*  ========
*  station number
*  year
*  day
*  irradiation (kJ m-2 d-1)
*  minimum temperature (degrees Celsius)
*  maximum temperature (degrees Celsius)
*  vapour pressure (kPa)
*  mean wind speed (m s-1)
*  precipitation (mm d-1)
** WCCDESCRIPTION=Shenzhou, Hebei, China
** WCCFORMAT=2
** WCCYEARNR=2009
*---------------------------------------------------------*
115.55	38.00     57.  -0.18 -0.55
1	2009	1	9072.	-11.2 	1.4 	0.161 	1.1 	0.0 
1	2009	2	8726.	-10.4 	2.7 	0.197 	1.3 	0.0 
1	2009	3	6761.	-6.6 	3.0 	0.225 	1.3 	0.0 
1	2009	4	7322.	-7.6 	0.7 	0.320 	1.7 	0.0 
1	2009	5	6998.	-7.0 	0.3 	0.358 	0.9 	0.0 
1	2009	6	8467.	-9.4 	1.9 	0.325 	0.9 	0.0 
1	2009	7	8489.	-9.5 	4.2 	0.265 	1.6 	0.0 
1	2009	8	8273.	-10.3 	1.8 	0.291 	2.9 	0.0 
1	2009	9	9461.	-12.1 	0.5 	0.145 	2.0 	0.0 
1	2009	10	9482.	-7.3 	4.9 	0.171 	2.0 	0.0 
1	2009	11	9806.	-12.8 	-0.1 	0.123 	2.0 	0.0 
1	2009	12	9850.	-13.5 	2.0 	0.124 	1.6 	0.0 
1	2009	13	9914.	-9.2 	5.8 	0.129 	3.0 	0.0 
1	2009	14	10368.	-10.7 	0.3 	0.093 	1.6 	0.0 
1	2009	15	9936.	-10.0 	1.8 	0.182 	1.9 	0.0 
1	2009	16	9418.	-10.1 	3.0 	0.210 	1.2 	0.0 
1	2009	17	5551.	-8.1 	-1.5 	0.354 	1.0 	0.0 
1	2009	18	9828.	-6.7 	9.0 	0.231 	2.0 	0.0 
1	2009	19	8208.	-6.2 	5.9 	0.292 	2.2 	0.0 
1	2009	20	2527.	-3.2 	5.0 	0.384 	1.6 	0.0 
1	2009	21	10260.	-5.0 	16.0 	0.291 	4.0 	0.1 
1	2009	22	9029.	-11.6 	-2.5 	0.053 	5.9 	0.1 
1	2009	23	10908.	-12.2 	-5.4 	0.049 	3.6 	0.0 
1	2009	24	11448.	-9.5 	0.9 	0.075 	3.5 	0.0 
1	2009	25	11405.	-5.9 	4.0 	0.094 	2.7 	0.0 
1	2009	26	11470.	-6.2 	5.9 	0.107 	2.0 	0.0 
1	2009	27	11383.	-7.4 	8.1 	0.219 	1.5 	0.0 
1	2009	28	10822.	-5.2 	7.7 	0.288 	1.5 	0.0 
1	2009	29	10822.	-3.6 	8.0 	0.424 	2.7 	0.0 
1	2009	30	2916.	-1.3 	0.5 	0.517 	1.5 	0.0 
1	2009	31	2981.	-1.1 	0.4 	0.476 	1.2 	0.0 
1	2009	32	8208.	-2.7 	3.6 	0.459 	0.7 	0.0 
1	2009	33	2873.	-3.8 	4.8 	0.412 	2.0 	0.0 
1	2009	34	11254.	-5.7 	4.1 	0.284 	1.4 	0.0 
1	2009	35	11513.	-5.2 	8.4 	0.381 	1.7 	0.0 
1	2009	36	11426.	-3.7 	7.9 	0.416 	1.8 	0.0 
1	2009	37	3110.	-1.9 	5.5 	0.444 	1.1 	0.0 
1	2009	38	10174.	-3.4 	9.4 	0.336 	2.0 	0.0 
1	2009	39	3348.	-1.3 	4.0 	0.489 	1.1 	0.7 
1	2009	40	10476.	0.6 	13.1 	0.641 	2.9 	0.0 
1	2009	41	12442.	-1.5 	19.1 	0.385 	2.0 	0.0 
1	2009	42	12701.	0.3 	17.7 	0.449 	1.7 	1.1 
1	2009	43	3326.	2.6 	4.4 	0.666 	3.2 	3.3 
1	2009	44	7409.	1.6 	7.5 	0.690 	1.7 	0.0 
1	2009	45	12269.	-2.4 	11.9 	0.573 	3.6 	0.0 
1	2009	46	13262.	-6.0 	0.9 	0.186 	2.6 	0.0 
1	2009	47	9720.	-5.2 	2.9 	0.311 	2.9 	0.0 
1	2009	48	3650.	-2.3 	-0.2 	0.411 	1.4 	0.0 
1	2009	49	3542.	-3.5 	-0.6 	0.467 	2.6 	0.0 
1	2009	50	10303.	-3.6 	1.8 	0.380 	2.6 	1.3 
1	2009	51	15012.	-3.0 	3.7 	0.222 	2.4 	0.0 
1	2009	52	11858.	-2.0 	8.1 	0.441 	3.3 	0.1 
1	2009	53	14342.	-3.6 	5.9 	0.326 	3.3 	0.0 
1	2009	54	10195.	-3.8 	3.9 	0.467 	1.6 	1.0 
1	2009	55	3499.	-3.0 	2.8 	0.496 	2.4 	1.1 
1	2009	56	12334.	-5.0 	2.6 	0.365 	1.5 	0.0 
1	2009	57	10390.	-3.0 	3.8 	0.449 	1.6 	0.3 
1	2009	58	8726.	-2.9 	5.2 	0.556 	1.6 	0.0 
1	2009	59	5314.	-3.6 	2.9 	0.547 	0.9 	0.0 
1	2009	60	14580.	-2.7 	6.6 	0.389 	3.1 	0.0 
1	2009	61	10346.	-2.0 	4.9 	0.342 	2.6 	0.0 
1	2009	62	13867.	-1.8 	8.9 	0.502 	2.7 	0.0 
1	2009	63	4385.	1.3 	5.6 	0.632 	2.2 	0.1 
1	2009	64	15509.	0.3 	13.4 	0.345 	3.2 	0.4 
1	2009	65	18317.	0.2 	9.8 	0.228 	2.4 	0.0 
1	2009	66	17064.	1.1 	15.0 	0.464 	3.7 	0.0 
1	2009	67	17410.	4.7 	19.4 	0.465 	2.9 	0.0 
1	2009	68	15962.	0.4 	10.6 	0.329 	4.2 	0.0 
1	2009	69	14386.	0.6 	9.5 	0.358 	2.1 	0.8 
1	2009	70	16351.	1.9 	11.2 	0.524 	1.4 	0.9 
1	2009	71	4601.	2.3 	8.7 	0.669 	2.0 	0.0 
1	2009	72	19202.	0.1 	7.1 	0.144 	4.1 	0.0 
1	2009	73	19613.	1.6 	14.7 	0.358 	3.9 	0.0 
1	2009	74	16502.	6.0 	21.2 	0.431 	2.7 	0.0 
1	2009	75	19073.	8.4 	23.3 	0.537 	3.1 	0.0 
1	2009	76	18619.	10.7 	29.8 	0.923 	2.9 	0.0 
1	2009	77	18576.	7.6 	29.6 	1.008 	4.2 	0.0 
1	2009	78	19699.	3.4 	15.9 	0.481 	3.1 	0.0 
1	2009	79	19246.	4.9 	16.1 	0.524 	1.8 	1.3 
1	2009	80	9050.	6.3 	14.6 	0.942 	2.4 	0.0 
1	2009	81	20714.	3.0 	12.1 	0.320 	3.5 	0.0 
1	2009	82	18727.	1.7 	16.2 	0.518 	3.4 	0.8 
1	2009	83	16913.	1.1 	8.1 	0.547 	3.2 	0.0 
1	2009	84	20563.	2.9 	15.4 	0.469 	3.8 	0.0 
1	2009	85	18878.	3.5 	15.8 	0.378 	2.0 	0.0 
1	2009	86	19310.	2.5 	14.4 	0.514 	2.7 	0.0 
1	2009	87	20650.	-0.3 	12.6 	0.533 	4.0 	0.0 
1	2009	88	20261.	0.0 	9.9 	0.453 	2.8 	0.0 
1	2009	89	20304.	1.3 	9.4 	0.427 	1.7 	0.0 
1	2009	90	17474.	0.8 	10.6 	0.461 	1.8 	0.0 
1	2009	91	22572.	1.7 	13.8 	0.359 	1.6 	0.0 
1	2009	92	18295.	5.1 	14.4 	0.513 	3.4 	0.0 
1	2009	93	21557.	5.5 	15.5 	0.718 	2.6 	0.0 
1	2009	94	20714.	7.9 	20.4 	0.822 	1.7 	0.0 
1	2009	95	21557.	9.7 	22.8 	0.609 	1.9 	0.0 
1	2009	96	23242.	12.5 	25.6 	0.511 	2.4 	0.0 
1	2009	97	21816.	10.4 	26.3 	0.842 	2.5 	0.0 
1	2009	98	22486.	11.2 	25.6 	0.822 	2.9 	0.0 
1	2009	99	22853.	11.2 	24.9 	0.778 	3.4 	0.0 
1	2009	100	19138.	14.0 	24.3 	1.113 	3.1 	1.1 
1	2009	101	18662.	11.8 	23.3 	1.360 	1.4 	0.1 
1	2009	102	21168.	14.3 	26.7 	1.389 	2.5 	0.0 
1	2009	103	21233.	11.7 	27.7 	1.217 	2.7 	0.1 
1	2009	104	18662.	10.0 	20.1 	1.333 	3.0 	0.5 
1	2009	105	18857.	3.9 	12.8 	0.604 	3.5 	0.0 
1	2009	106	23674.	8.0 	17.0 	0.514 	2.0 	0.0 
1	2009	107	23479.	11.2 	21.9 	1.026 	4.2 	0.0 
1	2009	108	17280.	13.0 	24.0 	1.554 	2.4 	0.9 
1	2009	109	5940.	9.8 	11.1 	1.124 	3.1 	3.7 
1	2009	110	22572.	10.0 	22.3 	0.783 	4.8 	0.0 
1	2009	111	25466.	9.5 	22.3 	0.686 	2.1 	0.0 
1	2009	112	20693.	11.3 	23.2 	0.944 	3.1 	2.3 
1	2009	113	7560.	10.9 	18.8 	1.245 	2.1 	0.4 
1	2009	114	21622.	10.3 	21.2 	0.747 	2.7 	0.0 
1	2009	115	26201.	8.1 	21.0 	0.482 	3.0 	0.0 
1	2009	116	25920.	9.1 	21.5 	0.591 	1.9 	0.0 
1	2009	117	25099.	11.9 	24.2 	1.001 	2.0 	0.0 
1	2009	118	24732.	9.8 	22.1 	0.935 	3.7 	0.0 
1	2009	119	23954.	13.8 	24.4 	1.205 	2.7 	0.2 
1	2009	120	21406.	17.4 	26.8 	1.557 	2.9 	0.1 
1	2009	121	13284.	11.9 	21.6 	1.589 	2.1 	0.0 
1	2009	122	23846.	13.5 	29.7 	0.935 	2.3 	0.0 
1	2009	123	25639.	16.4 	30.2 	1.154 	2.4 	0.0 
1	2009	124	23674.	16.6 	28.2 	1.161 	4.1 	0.0 
1	2009	125	24905.	14.7 	27.9 	1.034 	3.3 	0.0 
1	2009	126	25380.	17.9 	28.6 	1.295 	3.6 	0.0 
1	2009	127	24019.	17.8 	30.4 	1.400 	3.2 	0.0 
1	2009	128	24516.	22.1 	31.4 	1.937 	4.2 	0.0 
1	2009	129	11448.	11.7 	28.4 	1.610 	4.1 	13.0 
1	2009	130	7387.	11.4 	16.8 	1.219 	1.5 	7.2 
1	2009	131	14213.	15.3 	18.6 	1.428 	1.6 	0.3 
1	2009	132	24257.	12.0 	26.4 	1.180 	2.8 	0.0 
1	2009	133	25164.	17.4 	27.6 	1.348 	2.1 	5.3 
1	2009	134	6934.	13.9 	19.9 	1.346 	1.8 	1.3 
1	2009	135	6761.	11.8 	18.5 	1.327 	1.2 	0.0 
1	2009	136	23630.	12.6 	23.0 	1.353 	2.3 	0.3 
1	2009	137	27389.	15.9 	27.3 	1.034 	3.6 	0.1 
1	2009	138	26978.	17.6 	31.8 	1.214 	3.7 	0.0 
1	2009	139	26568.	18.1 	33.7 	1.368 	2.5 	0.1 
1	2009	140	26374.	14.8 	30.5 	1.466 	3.9 	0.0 
1	2009	141	20131.	14.6 	24.7 	1.554 	2.3 	0.1 
1	2009	142	26525.	16.5 	26.5 	1.129 	3.1 	0.1 
1	2009	143	27864.	17.7 	31.9 	0.982 	3.0 	0.0 
1	2009	144	25661.	16.7 	31.2 	1.320 	2.6 	0.0 
1	2009	145	27562.	16.4 	30.0 	1.351 	4.1 	0.0 
1	2009	146	27259.	16.5 	29.8 	1.448 	2.0 	0.0 
1	2009	147	21038.	20.9 	28.3 	1.469 	2.1 	0.0 
1	2009	148	6826.	17.2 	23.5 	1.698 	1.6 	0.0 
1	2009	149	26741.	14.7 	29.4 	1.122 	2.2 	0.0 
1	2009	150	28534.	15.0 	30.5 	0.834 	2.0 	0.0 
1	2009	151	28836.	17.8 	31.6 	0.770 	2.5 	0.0 
1	2009	152	28793.	22.1 	36.9 	0.968 	3.3 	0.0 
1	2009	153	28534.	17.8 	30.6 	1.133 	3.4 	0.0 
1	2009	154	24905.	18.1 	30.8 	1.146 	2.0 	0.0 
1	2009	155	27454.	20.3 	34.6 	1.149 	2.1 	0.0 
1	2009	156	27583.	19.1 	32.2 	1.477 	3.2 	0.0 
1	2009	157	13154.	17.6 	22.1 	1.827 	2.3 	0.0 
1	2009	158	22702.	20.4 	30.0 	1.724 	2.1 	1.2 
1	2009	159	14429.	18.3 	25.8 	2.042 	3.2 	53.4 
1	2009	160	21816.	19.3 	30.8 	1.708 	1.9 	0.0 
1	2009	161	28706.	20.3 	32.3 	1.033 	3.0 	0.0 
1	2009	162	26158.	17.9 	37.2 	1.231 	3.8 	0.0 
1	2009	163	27173.	18.5 	31.0 	1.236 	1.7 	0.0 
1	2009	164	27324.	20.5 	32.6 	1.323 	1.7 	0.0 
1	2009	165	25769.	20.6 	32.3 	1.628 	1.7 	0.1 
1	2009	166	24386.	21.3 	33.1 	1.886 	1.9 	0.0 
1	2009	167	9547.	19.5 	28.8 	2.137 	2.9 	17.0 
1	2009	168	12550.	20.6 	27.9 	2.395 	1.6 	0.5 
1	2009	169	17388.	24.0 	31.9 	2.684 	2.0 	15.7 
1	2009	170	16524.	19.9 	29.5 	2.327 	2.2 	0.3 
1	2009	171	27778.	22.6 	34.8 	1.415 	2.9 	0.0 
1	2009	172	25920.	19.1 	34.3 	1.544 	2.9 	0.0 
1	2009	173	28750.	20.9 	33.7 	1.101 	2.5 	0.0 
1	2009	174	27929.	23.3 	36.6 	1.451 	1.5 	0.0 
1	2009	175	28015.	21.8 	38.0 	1.664 	2.9 	0.0 
1	2009	176	26374.	24.0 	38.0 	2.087 	2.3 	0.0 
1	2009	177	25877.	24.3 	38.2 	2.162 	3.0 	1.2 
1	2009	178	21168.	24.0 	33.7 	2.330 	2.2 	0.0 
1	2009	179	25963.	20.9 	34.4 	1.555 	2.5 	0.0 
1	2009	180	28318.	22.8 	38.4 	1.228 	2.1 	0.0 
1	2009	181	28426.	22.0 	34.1 	1.413 	2.4 	0.0 
1	2009	182	27994.	19.6 	34.1 	1.419 	1.5 	0.0 
1	2009	183	28166.	22.1 	35.3 	1.625 	2.0 	0.0 
1	2009	184	26914.	25.7 	37.5 	1.837 	2.3 	0.0 
1	2009	185	24970.	25.5 	36.8 	1.935 	3.4 	0.0 
1	2009	186	19591.	24.8 	32.6 	2.386 	3.4 	0.5 
1	2009	187	24278.	21.9 	31.8 	2.376 	2.0 	0.0 
1	2009	188	25898.	25.9 	33.6 	2.480 	1.8 	0.0 
1	2009	189	6890.	17.7 	26.1 	2.192 	2.5 	21.1 
1	2009	190	25553.	21.5 	31.6 	2.254 	1.7 	0.7 
1	2009	191	20088.	23.2 	31.5 	2.549 	2.7 	0.0 
1	2009	192	23890.	21.5 	30.9 	2.145 	2.6 	0.0 
1	2009	193	25423.	24.9 	32.1 	2.376 	2.9 	1.2 
1	2009	194	12204.	21.0 	28.1 	2.318 	2.2 	0.1 
1	2009	195	26201.	22.4 	33.4 	2.326 	2.4 	0.0 
1	2009	196	23825.	26.0 	33.6 	2.560 	2.5 	0.3 
1	2009	197	6761.	22.0 	26.9 	2.551 	2.4 	5.9 
1	2009	198	6415.	20.5 	22.6 	2.358 	2.4 	16.0 
1	2009	199	25574.	22.6 	30.2 	2.481 	1.1 	0.8 
1	2009	200	23933.	25.9 	31.4 	2.829 	2.3 	4.6 
1	2009	201	14148.	24.3 	32.0 	3.097 	1.3 	0.8 
1	2009	202	18943.	25.2 	32.5 	3.025 	1.2 	0.0 
1	2009	203	22356.	26.1 	33.0 	3.068 	3.0 	0.0 
1	2009	204	8640.	19.2 	30.3 	2.492 	2.9 	0.0 
1	2009	205	19332.	19.7 	27.6 	2.242 	2.0 	4.4 
1	2009	206	22637.	19.0 	29.0 	2.204 	1.8 	0.1 
1	2009	207	24257.	20.7 	29.4 	2.321 	1.3 	0.0 
1	2009	208	12593.	20.9 	28.4 	2.391 	1.2 	0.1 
1	2009	209	20369.	22.3 	30.4 	2.480 	1.1 	0.1 
1	2009	210	19764.	23.0 	30.8 	2.625 	1.6 	0.0 
1	2009	211	19526.	23.2 	31.1 	2.737 	1.6 	0.0 
1	2009	212	12290.	23.5 	31.1 	2.709 	1.8 	0.0 
1	2009	213	14645.	22.7 	30.4 	2.664 	1.7 	0.6 
1	2009	214	14774.	22.6 	30.1 	2.649 	1.2 	0.0 
1	2009	215	15638.	23.6 	30.1 	2.691 	1.8 	0.0 
1	2009	216	6048.	21.0 	24.7 	2.505 	1.6 	31.5 
1	2009	217	5638.	21.3 	25.9 	2.576 	1.5 	2.2 
1	2009	218	7387.	22.0 	28.3 	2.694 	1.5 	0.0 
1	2009	219	7625.	23.1 	30.0 	2.774 	1.2 	0.0 
1	2009	220	12118.	22.8 	30.6 	2.752 	0.9 	0.0 
1	2009	221	19116.	24.2 	31.2 	2.855 	1.2 	6.1 
1	2009	222	14666.	21.9 	30.4 	2.820 	0.9 	2.8 
1	2009	223	21038.	20.5 	33.3 	2.621 	1.0 	0.0 
1	2009	224	23155.	21.4 	35.1 	2.644 	1.7 	0.0 
1	2009	225	23803.	22.2 	34.0 	2.615 	1.9 	0.0 
1	2009	226	23868.	23.4 	33.2 	2.685 	2.1 	0.0 
1	2009	227	21514.	24.0 	32.9 	2.759 	1.3 	0.0 
1	2009	228	12874.	22.5 	30.5 	2.693 	2.3 	35.8 
1	2009	229	6070.	20.9 	25.1 	2.595 	1.3 	11.6 
1	2009	230	5292.	21.4 	28.5 	2.695 	1.7 	0.0 
1	2009	231	8316.	21.7 	26.3 	2.724 	1.7 	0.0 
1	2009	232	21492.	23.8 	30.0 	2.237 	1.6 	0.1 
1	2009	233	6869.	17.6 	21.6 	2.010 	2.2 	34.0 
1	2009	234	5918.	16.9 	21.2 	1.979 	1.1 	0.0 
1	2009	235	19786.	17.6 	28.8 	2.236 	1.2 	0.0 
1	2009	236	8208.	21.9 	26.7 	2.545 	1.2 	0.0 
1	2009	237	6523.	22.4 	26.8 	2.665 	1.6 	40.1 
1	2009	238	13889.	19.0 	27.0 	2.336 	1.7 	12.1 
1	2009	239	16092.	20.5 	30.9 	2.459 	2.4 	5.3 
1	2009	240	19937.	17.3 	27.0 	1.778 	2.3 	1.1 
1	2009	241	15271.	13.1 	22.0 	1.543 	1.8 	0.2 
1	2009	242	22010.	15.1 	25.1 	1.618 	2.4 	0.0 
1	2009	243	21600.	15.8 	27.2 	1.833 	2.5 	0.0 
1	2009	244	19526.	16.9 	27.0 	1.955 	1.9 	0.0 
1	2009	245	11318.	19.1 	26.8 	2.157 	1.6 	0.0 
1	2009	246	17453.	21.6 	29.1 	2.486 	1.1 	0.0 
1	2009	247	4946.	21.4 	23.0 	2.552 	1.4 	0.0 
1	2009	248	7063.	18.1 	25.3 	2.478 	1.4 	19.8 
1	2009	249	5184.	12.5 	16.6 	1.487 	2.5 	21.0 
1	2009	250	5119.	12.9 	16.4 	1.460 	1.7 	6.9 
1	2009	251	5227.	10.6 	17.2 	1.443 	1.6 	1.0 
1	2009	252	19937.	14.3 	27.0 	1.611 	0.9 	0.0 
1	2009	253	6653.	14.3 	20.6 	1.613 	1.5 	3.5 
1	2009	254	17129.	13.8 	26.1 	1.548 	1.6 	0.1 
1	2009	255	20434.	11.0 	25.7 	1.268 	1.5 	0.0 
1	2009	256	19656.	16.3 	27.0 	1.577 	2.5 	0.3 
1	2009	257	16351.	16.2 	25.2 	1.889 	1.7 	0.1 
1	2009	258	14796.	16.7 	26.5 	1.939 	1.5 	0.3 
1	2009	259	17604.	17.3 	27.5 	1.875 	2.8 	0.0 
1	2009	260	17863.	16.9 	27.5 	2.076 	1.7 	0.0 
1	2009	261	16070.	18.4 	27.0 	2.140 	1.3 	0.1 
1	2009	262	12895.	15.3 	23.4 	1.890 	2.0 	16.1 
1	2009	263	13219.	11.3 	17.3 	1.147 	2.3 	4.4 
1	2009	264	18360.	9.4 	25.2 	1.067 	1.7 	0.1 
1	2009	265	17734.	14.5 	26.3 	1.263 	2.2 	0.0 
1	2009	266	17323.	16.2 	26.5 	1.729 	1.5 	0.3 
1	2009	267	15034.	16.2 	25.3 	1.872 	1.3 	0.1 
1	2009	268	16373.	16.9 	28.7 	1.973 	1.3 	0.1 
1	2009	269	16697.	18.9 	29.3 	2.011 	2.1 	0.9 
1	2009	270	4968.	17.1 	22.5 	2.001 	1.4 	0.1 
1	2009	271	9569.	17.1 	24.3 	1.967 	1.2 	0.0 
1	2009	272	5098.	17.2 	24.5 	2.026 	0.9 	0.0 
1	2009	273	15919.	17.3 	27.8 	1.770 	2.2 	0.0 
1	2009	274	14623.	12.6 	27.9 	1.605 	1.4 	0.0 
1	2009	275	16330.	12.7 	27.0 	1.240 	1.8 	0.0 
1	2009	276	16740.	10.1 	24.2 	0.927 	1.7 	0.7 
1	2009	277	16524.	9.0 	23.3 	0.891 	1.4 	0.0 
1	2009	278	16135.	10.5 	25.8 	1.056 	1.4 	0.0 
1	2009	279	14882.	11.6 	23.5 	1.266 	2.6 	0.0 
1	2009	280	12290.	13.0 	19.4 	1.053 	1.5 	0.0 
1	2009	281	9223.	10.7 	19.8 	1.197 	1.0 	0.0 
1	2009	282	10260.	10.4 	20.3 	1.233 	0.8 	0.0 
1	2009	283	12247.	11.6 	20.1 	1.291 	0.8 	0.1 
1	2009	284	8338.	11.9 	18.9 	1.280 	0.9 	0.0 
1	2009	285	11578.	11.4 	21.7 	1.375 	1.5 	0.0 
1	2009	286	15142.	8.2 	22.0 	0.747 	2.6 	0.0 
1	2009	287	14947.	8.7 	24.3 	0.826 	1.8 	0.0 
1	2009	288	14429.	11.1 	25.8 	0.947 	2.0 	0.0 
1	2009	289	14602.	9.4 	22.7 	0.552 	3.0 	0.0 
1	2009	290	14666.	8.4 	23.4 	0.650 	2.3 	0.0 
1	2009	291	12182.	6.8 	25.4 	0.449 	3.7 	0.2 
1	2009	292	14645.	5.5 	17.7 	0.463 	1.9 	0.0 
1	2009	293	13824.	7.0 	23.5 	0.734 	1.5 	0.0 
1	2009	294	14342.	8.0 	22.0 	0.802 	1.3 	0.0 
1	2009	295	14018.	6.4 	23.6 	0.903 	1.1 	0.0 
1	2009	296	13392.	9.6 	24.5 	1.092 	1.6 	0.0 
1	2009	297	13176.	9.3 	22.6 	1.176 	1.4 	0.1 
1	2009	298	6070.	10.4 	22.1 	1.255 	1.6 	0.0 
1	2009	299	11470.	8.6 	21.1 	1.014 	1.5 	0.0 
1	2009	300	11124.	9.1 	19.4 	1.204 	1.0 	0.0 
1	2009	301	11470.	9.5 	22.1 	1.264 	1.1 	0.0 
1	2009	302	10195.	9.2 	20.9 	1.366 	1.5 	0.0 
1	2009	303	3175.	5.0 	13.6 	0.931 	2.9 	16.4 
1	2009	304	10865.	3.7 	11.2 	0.802 	1.8 	3.2 
1	2009	305	3370.	-5.8 	6.3 	0.555 	3.2 	0.0 
1	2009	306	12506.	-2.4 	5.5 	0.323 	2.2 	0.0 
1	2009	307	11988.	-0.7 	10.4 	0.548 	1.8 	0.0 
1	2009	308	11383.	1.0 	15.2 	0.723 	1.3 	0.0 
1	2009	309	10822.	1.9 	18.3 	0.816 	1.4 	0.0 
1	2009	310	10886.	3.7 	16.5 	0.957 	1.4 	2.5 
1	2009	311	3780.	5.3 	14.0 	0.950 	1.2 	0.0 
1	2009	312	2527.	6.6 	10.6 	0.926 	3.1 	0.3 
1	2009	313	2959.	-1.4 	5.6 	0.479 	4.0 	0.8 
1	2009	314	2959.	-3.0 	-0.8 	0.463 	2.8 	10.6 
1	2009	315	3672.	-2.4 	-0.3 	0.457 	2.3 	11.9 
1	2009	316	4298.	-6.6 	1.0 	0.460 	1.3 	3.9 
1	2009	317	2160.	-4.5 	-2.4 	0.433 	1.4 	0.4 
1	2009	318	9137.	-7.5 	2.1 	0.388 	1.1 	0.2 
1	2009	319	10606.	-6.5 	0.5 	0.271 	1.3 	0.0 
1	2009	320	9763.	-7.0 	-1.3 	0.253 	1.6 	0.0 
1	2009	321	10519.	-6.9 	1.8 	0.259 	2.3 	0.0 
1	2009	322	9677.	-6.4 	3.1 	0.331 	1.6 	0.0 
1	2009	323	9871.	-5.6 	3.6 	0.340 	1.7 	0.2 
1	2009	324	9590.	-3.5 	6.5 	0.362 	1.5 	0.0 
1	2009	325	9720.	-4.6 	5.1 	0.422 	2.0 	0.0 
1	2009	326	9526.	-2.8 	7.5 	0.499 	1.3 	0.0 
1	2009	327	7042.	-3.5 	6.2 	0.611 	1.1 	0.0 
1	2009	328	2290.	-2.7 	7.6 	0.587 	1.3 	0.0 
1	2009	329	1944.	-2.7 	3.3 	0.576 	1.5 	0.0 
1	2009	330	2419.	-1.2 	4.3 	0.558 	1.3 	0.0 
1	2009	331	8100.	-3.6 	5.3 	0.471 	1.7 	0.0 
1	2009	332	2484.	-1.8 	2.8 	0.441 	1.8 	0.3 
1	2009	333	8834.	-2.4 	7.1 	0.562 	1.8 	0.0 
1	2009	334	6480.	-1.0 	6.2 	0.595 	1.9 	0.0 
1	2009	335	2765.	-0.8 	1.3 	0.588 	1.3 	0.0 
1	2009	336	6912.	-3.3 	8.0 	0.556 	1.4 	0.0 
1	2009	337	8813.	-2.7 	6.6 	0.455 	2.0 	0.0 
1	2009	338	2549.	-6.1 	1.6 	0.343 	2.2 	0.0 
1	2009	339	8359.	-5.9 	4.9 	0.277 	2.0 	0.0 
1	2009	340	8705.	-5.1 	6.6 	0.404 	0.9 	0.0 
1	2009	341	3024.	-4.8 	5.1 	0.489 	1.1 	0.0 
1	2009	342	5724.	-4.7 	5.2 	0.475 	1.1 	0.0 
1	2009	343	2376.	-2.9 	5.5 	0.475 	1.2 	0.0 
1	2009	344	1987.	-2.7 	-0.1 	0.548 	1.3 	0.0 
1	2009	345	2160.	-3.7 	3.4 	0.401 	1.4 	0.2 
1	2009	346	7754.	-5.2 	2.3 	0.336 	1.0 	0.0 
1	2009	347	8273.	-5.4 	4.3 	0.399 	0.8 	0.0 
1	2009	348	2052.	-3.0 	0.8 	0.419 	1.5 	0.0 
1	2009	349	6221.	-6.8 	-0.8 	0.193 	1.7 	0.0 
1	2009	350	5962.	-8.0 	-1.3 	0.327 	1.1 	0.0 
1	2009	351	7992.	-12.3 	-1.0 	0.236 	1.4 	0.0 
1	2009	352	8618.	-11.8 	-1.0 	0.175 	1.4 	0.0 
1	2009	353	8532.	-12.3 	0.0 	0.177 	1.6 	0.0 
1	2009	354	8986.	-6.5 	4.6 	0.148 	1.8 	0.0 
1	2009	355	8705.	-8.2 	5.1 	0.241 	1.6 	0.0 
1	2009	356	8489.	-8.0 	5.5 	0.291 	1.0 	0.0 
1	2009	357	7733.	-8.1 	6.6 	0.327 	1.1 	0.0 
1	2009	358	1966.	-6.7 	1.3 	0.307 	3.0 	0.0 
1	2009	359	9331.	-11.8 	-0.8 	0.089 	2.8 	0.0 
1	2009	360	7906.	-11.6 	-2.1 	0.135 	2.2 	0.0 
1	2009	361	7733.	-10.1 	-0.6 	0.122 	1.8 	0.0 
1	2009	362	7582.	-10.6 	2.7 	0.211 	2.3 	0.0 
1	2009	363	8921.	-8.4 	6.2 	0.189 	2.4 	0.0 
1	2009	364	8251.	-12.7 	0.6 	0.121 	2.4 	0.0 
1	2009	365	8705.	-13.3 	-0.6 	0.142 	2.1 	0.0 